142523468746391386580235044020589213956977435
434697116978426034209750911002416968968223537220
567915872418718625913462325563614395859658171766
366851217112540513023271429693961425661783660076
674894368324806197420468315936155028549814010488
583660533954670645939252148519703881911753784430
704264690347130794659504076389549348424662600228
264695685479208135394260549060478993021273723238
16857194204642421059974126752016287128987260013
674601482098527160864405749154181990703791887186
2014582593734365213583708362600506113056645483
395595808884050670047515000706546362930575130158
225157922352073547324420380671192555854650622294
452178385897465051624734684237841521208513413738
241546992019750446497970937880746969849976222812
441671165350806625330150120644135319117146979364
578289792431062498207968517765986505860826801524
640153891019610713974088763346339534122259068259
555809418980835040956303913249541247370652047224
322167378709906313827854049307856191345958594401